date revenue price type distance size_length size_width size_height
2023-10-01 151647.08 966.41 siding 166.37 32.22 61.93 26.42
2024-11-25 124787.32 2732.41 drywall 154.08 81.25 53.80 3.51
2024-06-18 525201.74 4371.08 roofing 116.84 99.74 32.38 12.41
2024-03-13 10373.57 3674.51 drywall 191.43 7.85 5.61 25.11
2023-04-24 926914.73 4042.48 siding 44.09 90.25 52.14 16.20
2023-04-24 205100.91 3310.98 flooring 26.31 64.15 32.13 9.91
2023-02-12 1956981.64 3476.77 lumber 171.52 97.47 74.79 25.70
2024-09-24 76344.62 4253.52 door 90.63 49.18 7.27 16.82
2024-03-14 271435.25 1285.86 lumber 170.16 85.50 60.56 13.65
2024-05-31 180746.42 2472.65 lumber 179.15 10.93 94.44 23.74
2023-01-16 22421.16 1144.99 flooring 17.18 36.85 21.57 7.53
2024-12-09 389180.04 4938.96 drywall 177.28 11.37 49.81 46.46
2024-08-30 823731.52 4723.09 door 92.42 97.66 13.69 43.52
2023-06-05 141555.75 245.16 window 104.53 82.61 64.44 35.67
2023-05-13 324019.73 3542.60 insulation 127.19 85.99 57.30 6.20
2023-05-14 2230390.87 4629.98 flooring 185.64 94.11 43.70 39.02
2023-08-11 84538.90 943.85 siding 8.73 13.08 54.53 40.59
2024-01-19 1245873.45 2861.33 window 97.98 41.63 90.17 38.62
2023-11-12 24624.33 4581.67 insulation 139.11 11.75 23.65 6.58
2023-08-01 2403.00 218.03 siding 145.93 25.03 7.14 32.55
2024-03-22 1025082.36 3502.23 lumber 140.04 26.79 86.86 41.88
2023-04-12 398588.82 1521.88 roofing 31.21 49.57 59.83 29.29
2023-08-02 1242256.93 4625.76 siding 63.38 30.51 89.61 32.67
2023-09-25 307896.87 4856.74 door 74.95 14.59 61.71 23.46
2023-11-29 654018.14 4724.12 door 161.87 20.91 81.97 26.91
2024-07-27 16077.79 2397.36 roofing 59.36 18.99 45.82 2.68
2023-05-26 3113501.72 4317.11 window 46.09 97.44 76.24 32.31
2024-01-11 446165.31 4230.52 insulation 191.70 77.13 91.74 4.99
2024-03-08 630695.97 1629.55 siding 6.73 96.94 59.35 22.32
2023-02-03 195460.97 4153.13 door 199.58 46.78 22.17 15.34
2024-03-19 17226.79 233.19 window 136.98 31.45 30.54 27.73
2023-05-05 131365.68 3001.54 roofing 166.55 80.84 23.87 7.54
2023-02-17 128621.22 1188.54 drywall 62.45 35.99 28.45 34.89
2024-11-23 89988.20 646.81 flooring 7.79 33.44 34.11 39.96
2024-12-05 17628.06 430.92 drywall 148.88 27.09 57.74 9.00
2024-08-13 64588.32 3496.63 drywall 167.66 17.32 60.86 6.11
2023-08-11 54531.70 1732.38 door 149.39 29.36 45.52 8.13
2023-03-13 1184074.44 3637.60 lumber 32.86 38.76 63.46 43.98
2024-05-14 26680.46 373.51 lumber 151.92 69.03 12.75 26.88
2023-11-18 15706.41 1610.69 roofing 154.94 10.94 13.34 23.90
2023-03-31 25394.01 2720.48 siding 133.42 25.00 21.32 6.23
2023-12-28 1734439.41 3964.08 lumber 154.39 81.86 54.22 32.83
2023-01-26 100387.53 1627.82 drywall 169.95 18.96 25.33 43.53
2024-10-25 470302.82 3148.16 lumber 124.65 37.55 31.91 41.58
2023-07-08 1584639.14 4435.59 drywall 22.28 87.14 43.03 31.68
2024-04-28 69209.77 3098.52 insulation 100.09 19.72 82.13 4.69
2023-08-16 2084.12 1203.15 door 20.14 12.86 6.32 6.51
2024-01-15 4603.67 170.78 door 84.47 51.03 66.69 3.42
2024-02-04 412164.69 4356.99 siding 84.39 33.73 68.54 13.62
2023-05-15 20769.00 155.28 lumber 17.87 58.52 80.87 7.65
2024-12-08 1376943.12 4379.77 lumber 73.02 81.36 93.61 13.74
2024-07-19 19556.04 2668.24 flooring 26.64 18.03 6.91 19.87
2024-11-16 783495.19 4698.39 window 162.61 60.17 19.61 47.21
2024-10-15 1756357.88 4003.98 insulation 189.80 53.02 89.19 30.91
2024-03-12 570806.07 4989.77 door 19.10 18.69 48.56 41.91
2024-11-03 723151.79 1786.02 insulation 191.25 64.28 58.64 35.81
2023-03-06 157292.32 3847.58 door 106.90 31.00 67.99 6.51
2023-05-24 812474.50 2039.56 insulation 63.42 51.34 69.51 37.06
2023-02-03 128148.65 2425.38 roofing 19.99 12.82 93.52 14.48
2023-08-26 1486043.87 3156.15 drywall 102.62 48.66 99.71 32.32
2023-10-11 580310.12 4374.70 door 159.93 34.11 73.41 17.71
2023-07-18 1978115.03 4921.21 insulation 142.88 83.13 32.29 49.89
2024-08-27 149667.38 3852.95 lumber 14.79 10.41 88.58 13.91
2023-09-18 42224.39 2117.95 window 19.22 44.77 9.68 14.68
2023-07-25 390871.56 2135.72 roofing 83.56 48.55 26.95 46.60
2024-02-01 163533.69 3701.03 roofing 62.58 73.88 90.25 2.21
2023-04-13 228277.59 1231.95 window 50.31 59.56 29.34 35.14
2024-08-08 117290.03 596.85 insulation 59.80 68.39 25.96 36.54
2023-02-24 323374.33 1805.38 lumber 161.68 78.82 18.12 41.98
2024-12-21 1624869.65 1471.83 siding 186.20 86.91 86.62 48.75
2024-07-17 407602.84 1516.73 window 84.00 34.82 52.51 48.80
2023-05-26 56850.95 1206.36 insulation 181.69 56.11 69.11 4.20
2023-01-05 75786.74 258.36 window 67.69 84.81 27.71 41.27
2024-08-18 107937.33 138.48 window 97.91 99.00 77.01 32.67
2024-05-31 3354251.44 4939.23 door 49.08 89.50 77.20 32.72
2024-06-16 64954.95 2167.48 insulation 129.89 40.29 34.70 7.29
2024-07-17 197603.63 1952.42 siding 195.90 23.54 44.01 32.86
2023-02-24 647226.85 3414.25 drywall 122.68 51.49 24.92 49.14
2023-09-19 1150844.31 1130.36 door 74.77 75.46 97.77 45.68
2023-03-26 1103214.62 4752.31 window 131.32 51.79 66.33 22.52
2024-09-22 169507.08 3942.41 drywall 28.97 50.90 93.78 2.96
2024-03-31 78123.76 492.58 flooring 178.29 84.63 33.82 18.75
2023-08-30 823367.05 2117.02 drywall 103.10 39.33 79.28 41.49
2023-02-16 3151930.97 4401.64 window 92.62 86.68 77.76 35.37
2023-08-16 1028530.55 4726.42 window 119.24 43.65 70.71 23.51
2023-08-26 90789.00 2363.64 lumber 126.83 36.18 96.74 3.70
2024-06-16 415889.99 3086.39 insulation 19.00 48.13 42.39 21.92
2024-04-10 84787.62 876.82 insulation 138.11 77.43 17.42 23.98
2024-10-09 808607.62 4956.28 door 52.18 16.97 68.81 46.50
2023-12-11 204492.25 1196.77 siding 144.22 23.66 74.28 32.41
2023-03-29 1309213.18 4716.52 door 165.39 95.39 59.63 16.27
2024-06-04 137685.59 3265.75 roofing 161.77 21.67 24.65 26.74
2024-07-09 119537.69 3058.30 window 112.74 58.93 52.92 4.24
2024-02-14 786788.44 2587.81 drywall 106.43 60.03 34.66 48.66
2024-07-16 159959.07 1191.82 flooring 32.86 51.51 45.61 18.64
2023-12-27 296931.23 923.81 window 156.19 66.25 66.30 24.42
2024-01-17 128317.13 1141.41 window 57.92 26.83 75.80 18.41
2023-11-09 155620.69 972.87 door 101.86 57.50 27.06 34.44
2023-01-19 692714.19 3908.94 flooring 60.43 40.36 43.51 33.45
2023-03-20 401770.96 1783.12 flooring 31.10 67.86 30.57 36.05
2023-01-23 5197.12 336.32 flooring 127.76 18.42 23.87 14.14
2024-04-09 1128992.68 4847.06 door 15.59 59.23 79.42 16.47
2023-08-18 194119.57 4424.74 window 150.99 22.60 91.38 7.14
2024-01-07 584324.78 4642.37 door 66.93 31.47 40.17 33.12
2024-10-24 89637.55 4974.79 insulation 5.03 25.78 76.37 2.95
2023-07-01 168034.59 910.78 insulation 104.67 22.37 90.21 30.29
2023-10-27 1881020.28 2011.40 door 14.14 83.44 85.38 43.62
2024-07-05 367226.14 3803.28 flooring 58.85 32.14 22.37 44.65
2023-06-17 2155436.90 3495.30 lumber 142.86 93.08 95.85 23.00
2023-02-26 230672.56 811.78 window 17.22 97.14 40.78 23.51
2023-07-31 125748.87 4088.37 door 168.67 59.27 37.23 4.77
2023-04-28 25848.44 1160.98 door 5.74 18.59 10.93 33.87
2024-11-09 299284.26 1157.90 door 53.13 40.58 51.19 41.24
2024-08-12 131001.29 2708.02 lumber 149.48 80.78 15.36 12.99
2024-04-07 222457.49 2985.05 lumber 66.67 39.90 28.61 21.64
2024-09-28 172197.46 2921.43 roofing 24.87 13.27 35.11 42.10
2024-08-09 319109.33 502.86 insulation 75.25 57.89 81.84 43.98
2023-05-17 1283344.47 4393.43 drywall 57.73 85.29 88.17 12.92
2024-10-13 312112.54 1364.72 flooring 169.33 80.61 33.73 27.98
2024-01-29 40874.08 691.10 siding 66.10 21.64 86.58 10.43
2024-08-12 475574.54 4449.30 lumber 158.84 68.91 86.44 5.99
2024-10-16 1317725.32 4780.47 drywall 178.92 25.95 77.64 45.64
2023-08-21 261398.67 4317.53 lumber 89.59 25.73 18.94 41.20
2023-03-22 2895319.87 4057.10 flooring 182.44 88.04 70.58 38.24
2023-06-16 90295.42 3293.45 siding 78.58 28.72 94.78 3.39
2023-11-08 737836.27 2776.74 roofing 193.00 30.01 69.84 42.34
2024-08-20 6146.12 480.58 door 22.41 5.06 36.50 22.46
2024-09-20 508135.23 2071.84 roofing 138.97 87.71 52.56 17.78
2023-01-06 843531.90 1894.81 lumber 101.29 80.30 66.34 27.78
2024-01-08 74806.86 1335.78 roofing 80.59 64.60 53.50 5.48
2023-11-01 518630.38 3630.93 drywall 128.38 76.28 16.40 38.08
2023-06-12 147186.02 2504.58 window 142.25 19.44 34.65 29.54
2023-03-29 55611.82 451.18 lumber 5.85 48.54 81.23 10.14
2023-09-04 120120.57 1139.91 lumber 37.56 38.37 86.83 10.22
2024-11-19 25984.44 3432.13 drywall 144.04 13.91 18.04 10.03
2023-08-24 22284.66 426.85 insulation 134.95 51.18 95.48 3.79
2024-01-14 1276969.18 4263.47 siding 193.38 92.47 36.24 29.80
2024-05-28 187932.31 2500.98 door 153.40 8.81 67.92 42.18
2023-09-23 32949.20 2428.90 drywall 190.40 32.69 76.42 1.86
2024-12-10 59721.93 2982.42 siding 142.00 24.72 82.13 3.40
2024-12-03 946865.85 4132.17 flooring 63.12 27.62 94.85 29.07
2023-07-03 696505.80 1771.66 siding 25.55 91.30 34.73 41.16
2023-12-29 743187.24 3406.18 flooring 157.46 49.47 86.56 17.01
2023-08-08 134016.16 2850.37 drywall 130.61 49.30 17.51 18.13
2023-07-27 697793.51 1371.79 lumber 14.40 77.25 71.98 30.22
2023-01-27 286095.67 4399.22 lumber 75.21 19.68 75.49 14.44
2024-03-20 95188.21 3997.26 insulation 191.58 51.29 69.38 2.30
2024-01-02 489643.50 3309.34 drywall 102.58 45.85 28.97 37.03
2023-02-07 2198605.01 4260.38 flooring 89.38 61.71 87.94 31.66
2023-07-23 808527.27 4343.11 siding 94.25 99.96 21.04 29.46
2024-10-25 313915.56 3556.40 siding 45.73 78.10 10.10 37.34
2023-06-24 1343844.34 4193.22 flooring 76.90 42.80 73.16 34.09
2023-04-16 488634.80 3502.48 roofing 77.11 83.62 50.17 11.09
2023-12-24 342326.30 3416.70 insulation 15.21 21.22 85.66 18.27
2024-12-20 19058.78 3112.13 window 154.68 7.89 41.42 7.18
2023-06-26 43728.02 3775.95 lumber 86.22 24.42 20.99 7.36
2024-05-05 270257.76 835.10 door 165.33 37.34 84.46 34.13
2024-07-09 1743462.75 4410.31 siding 170.82 53.51 57.15 43.07
2023-06-23 922175.17 4365.63 door 46.34 63.44 22.97 48.17
2024-06-15 127465.42 194.77 window 133.18 91.51 73.44 31.79
2023-09-26 355550.79 4137.79 drywall 97.09 53.44 53.56 10.02
2024-04-06 40726.90 687.91 door 176.63 52.62 62.41 6.18
2024-04-07 99461.28 1708.84 window 47.07 9.77 48.79 40.83
2024-01-27 229278.96 3730.37 lumber 137.17 8.32 83.73 29.36
2023-03-07 385227.46 845.76 flooring 123.51 57.36 83.81 31.30
2024-09-01 1633738.79 4098.94 roofing 62.58 46.63 72.39 39.29
2023-08-23 565295.52 4169.06 lumber 31.64 84.72 15.01 35.46
2023-05-17 551902.04 2561.97 siding 132.07 20.26 84.69 41.89
2023-01-30 -718.40 81.61 window 149.03 7.37 68.75 3.75
2024-03-07 565536.02 1470.84 door 66.55 47.66 71.22 37.63
2024-05-09 432249.91 3103.79 siding 130.74 27.56 39.48 42.69
2023-01-13 190467.92 4906.87 roofing 82.05 9.71 88.53 15.02
2024-01-09 1687461.34 3177.48 flooring 144.08 73.84 73.91 32.38
2023-06-15 17417.04 1336.03 drywall 43.85 15.60 15.70 16.39
2024-04-15 1259550.42 3188.33 siding 178.59 62.79 43.74 47.94
2023-05-08 61509.67 2722.93 drywall 61.04 31.70 89.21 2.64
2024-05-19 70258.19 3910.23 window 76.72 21.48 9.48 29.41
2023-10-10 64953.00 579.55 roofing 16.33 41.08 96.33 9.16
2024-11-14 2323026.82 3817.09 door 26.74 81.14 69.52 35.90
2023-04-11 216594.28 2729.27 roofing 105.59 42.25 64.98 9.62
2023-09-06 424866.22 4816.81 roofing 57.18 76.32 30.70 12.53
2023-03-24 61587.63 1742.27 insulation 167.92 16.92 28.64 25.22
2024-11-06 3248072.43 3181.48 roofing 7.87 78.41 94.50 45.83
2024-10-02 144872.84 4663.54 roofing 78.92 27.51 33.34 11.37
2023-07-08 74958.39 557.42 lumber 70.78 69.35 78.67 8.07
2024-04-26 1340595.59 4689.28 siding 8.77 58.75 42.35 38.19
2024-08-19 450456.40 3455.03 door 29.25 93.27 18.23 25.53
2024-02-10 14064.48 385.79 lumber 85.66 41.80 6.02 45.68
2024-01-22 23850.46 1539.77 lumber 101.11 11.29 56.70 8.18
2023-06-26 231891.43 3555.45 siding 83.84 6.82 97.70 32.65
2023-03-09 46540.20 383.39 siding 108.53 83.55 40.07 12.41
2024-10-16 161525.55 2931.74 window 121.05 54.85 38.93 8.68
2024-10-19 543463.46 1762.12 siding 6.94 78.65 37.69 34.49
2024-04-07 419613.47 3123.53 insulation 95.50 27.27 54.45 30.09
2023-09-05 54942.89 276.42 insulation 192.88 37.78 46.86 37.99
2023-09-12 146597.46 4364.11 lumber 106.21 7.86 88.59 16.16
2024-06-13 1714850.98 4868.77 drywall 137.12 96.34 53.02 22.95
2024-10-16 1106560.08 4845.95 window 65.81 68.45 53.24 20.87
2024-10-09 944318.66 3760.78 drywall 155.93 93.65 18.15 49.22
2024-07-23 94496.99 693.93 drywall 155.72 30.22 98.36 15.32
2024-04-13 319754.95 3803.40 lumber 106.65 63.09 28.75 15.45
2023-03-03 6141.57 171.71 flooring 195.32 69.46 11.97 18.37
2023-04-28 36064.28 159.51 lumber 29.48 35.17 68.00 28.67
2024-10-17 349602.08 1651.87 door 8.30 85.57 61.56 13.36
2024-03-18 1434520.75 2468.78 door 155.18 94.98 44.44 45.85
2023-01-07 651734.12 3863.52 siding 162.40 89.06 45.11 14.02
2023-03-16 2773245.48 3432.31 siding 28.44 75.21 79.58 44.89
2024-04-29 32020.72 2257.22 flooring 56.79 31.36 23.59 6.07
2023-01-04 370277.08 1404.45 siding 8.42 31.75 82.92 33.17
2023-04-28 4376330.14 4985.77 door 62.20 96.52 66.63 45.44
2024-02-05 14504.80 2159.60 drywall 155.76 5.98 44.80 9.27
2024-05-20 1178991.55 2284.37 lumber 106.00 73.02 48.51 48.45
2024-04-20 127078.00 859.94 roofing 72.88 72.09 29.38 23.19
2023-06-13 2780568.75 3984.31 insulation 77.49 64.16 76.45 47.34
2024-06-03 1903979.09 3483.73 roofing 5.26 99.06 53.72 34.16
2023-06-23 67022.63 1142.81 roofing 63.46 34.63 35.48 15.78
2023-08-26 29669.20 457.79 door 131.06 37.30 61.62 10.23
2024-06-28 199918.32 3418.47 roofing 194.97 12.50 99.59 15.88
2024-04-19 118337.41 3289.83 lumber 170.18 47.07 46.35 5.56
2024-09-11 96622.81 1402.63 flooring 9.60 29.80 92.47 8.05
2024-04-25 121341.03 4756.77 window 180.22 37.62 37.78 6.13
2024-02-19 41452.68 797.74 siding 157.72 84.28 10.20 21.72
2023-03-10 599559.34 2190.06 window 157.17 93.87 24.40 39.98
2023-09-26 114045.62 4720.90 drywall 94.31 22.64 44.78 7.93
2023-07-13 50340.94 2127.65 lumber 82.61 40.39 25.87 7.39
2023-06-28 148088.74 3210.70 lumber 64.07 93.22 5.02 32.53
2024-12-11 66002.21 2018.09 insulation 17.81 10.87 91.93 10.66
2023-10-14 30818.49 1407.37 lumber 49.51 13.77 85.17 5.78
2024-10-13 209426.54 4920.69 siding 53.09 20.47 75.52 9.18
2024-04-05 373422.31 2076.20 lumber 99.40 61.55 20.94 46.26
2024-08-03 172686.20 4475.79 roofing 150.75 19.29 16.43 41.25
2024-01-02 71684.76 1188.28 insulation 97.39 96.97 11.42 18.35
2024-02-26 386264.64 1104.87 siding 16.28 47.44 73.78 33.14
2023-12-26 82459.87 204.11 flooring 191.77 52.64 93.24 27.33
2023-05-23 437137.48 3275.75 flooring 188.83 28.43 45.90 34.18
2024-06-11 156417.05 1874.21 flooring 158.11 49.74 16.32 34.45
2023-07-24 1505134.47 4328.57 flooring 198.31 67.88 53.68 31.81
2023-01-18 292402.26 2392.39 roofing 111.17 76.36 38.14 14.04
2024-04-16 129865.87 4842.56 lumber 192.74 76.62 40.61 2.91
2023-05-10 260743.19 968.35 window 19.74 59.90 64.03 23.32
2024-11-17 3889052.28 4349.68 siding 76.31 90.91 73.28 44.66
2024-11-27 433444.55 3894.15 roofing 48.95 82.65 15.51 28.91
2024-10-29 313425.97 3866.06 flooring 43.19 76.92 8.38 41.79
2023-09-28 647377.20 4231.68 drywall 32.46 10.28 99.46 49.59
2023-01-12 14431.64 3817.07 lumber 126.37 5.65 27.11 9.02
2024-11-08 80816.67 3149.79 window 157.36 25.18 10.11 34.90
2023-11-09 111725.61 699.66 drywall 117.77 68.03 23.04 34.04
2024-12-06 13044.87 211.00 insulation 33.66 44.06 8.70 49.02
2024-12-04 1244609.73 4608.20 drywall 163.17 43.23 42.22 49.29
2024-09-14 2336700.63 3102.42 insulation 129.01 89.04 81.23 34.65
2023-08-03 525148.57 3992.86 insulation 80.69 90.08 37.42 12.94
2023-10-09 1264057.94 2433.54 flooring 136.46 91.37 47.20 40.13
2024-09-13 29632.82 630.68 insulation 55.68 34.82 69.18 6.24
2023-08-20 299185.50 669.67 door 72.31 70.65 53.34 39.25
2023-05-04 1259731.19 3443.55 siding 183.91 30.81 86.84 45.60
2024-02-11 260974.46 2180.01 siding 61.65 23.11 87.27 19.76
2024-11-14 12488.25 1042.60 flooring 96.65 22.54 5.94 31.90
2024-05-23 486722.41 2483.39 door 178.58 37.50 78.91 22.08
2024-02-21 56110.09 367.83 drywall 143.01 45.85 48.77 22.45
2023-03-12 1186990.50 2930.76 roofing 17.13 83.94 98.94 16.21
2024-03-24 135541.04 1381.52 drywall 33.72 16.39 50.91 38.34
2024-12-23 4161432.96 3997.92 lumber 6.53 74.82 98.76 46.87
2023-04-13 955160.62 1586.29 roofing 128.03 55.49 76.68 47.10
2024-01-14 59281.80 2303.34 insulation 92.30 32.35 28.62 9.56
2024-10-02 43233.34 107.52 window 31.18 51.82 56.15 43.86
2024-06-24 151191.51 408.61 roofing 191.80 33.49 99.25 37.13
2024-05-23 426586.24 1992.84 window 108.28 61.63 86.47 13.39
2024-05-27 21025.36 2425.70 siding 52.17 46.22 14.25 4.30
2023-09-20 188295.35 3020.10 window 102.62 20.62 72.11 14.13
2023-08-03 124282.70 1493.73 siding 137.53 16.08 37.83 45.70
2024-08-13 109025.46 3490.16 door 19.87 56.94 5.66 32.03
2024-08-14 1848975.68 4307.61 door 58.57 90.73 43.33 36.33
2024-09-24 161328.29 3910.26 flooring 162.36 37.68 27.30 13.60
2024-10-28 169922.31 246.11 flooring 94.63 74.64 82.79 36.25
2024-01-09 41806.52 2428.51 insulation 111.58 67.57 37.05 2.38
2024-01-02 260978.74 569.40 roofing 89.40 93.50 83.61 19.39
2024-08-05 51754.18 1248.12 insulation 13.56 82.99 5.06 31.71
2024-04-19 244226.62 4933.98 siding 37.32 58.83 34.24 8.16
2024-05-27 176755.46 755.35 insulation 91.88 67.42 27.91 41.33
2024-08-03 232797.12 2519.50 window 45.79 90.35 27.19 12.52
2024-10-11 151717.94 3109.87 siding 14.75 42.95 11.48 32.96
2023-09-04 180747.50 3527.20 flooring 169.51 36.05 22.78 20.85
2023-10-02 86014.84 2820.26 door 196.33 6.03 57.78 30.21
2023-03-10 4789.81 98.37 flooring 159.66 83.52 32.68 6.27
2024-02-27 30477.10 1665.98 roofing 171.49 81.09 44.65 1.83
2023-01-27 217872.23 2612.67 siding 52.19 14.92 40.80 45.57
2023-12-06 107408.78 484.94 siding 192.32 59.80 88.21 14.21
2024-02-01 989065.29 1785.60 window 43.40 49.08 91.00 41.16
2023-07-29 24674.54 214.36 roofing 190.53 16.28 51.83 49.97
2024-03-07 51644.53 438.96 door 198.99 98.15 36.36 11.36
2023-01-23 31359.86 2014.77 drywall 143.79 25.40 15.15 13.99
2023-01-28 73798.10 706.94 siding 196.32 11.39 95.57 33.48
2024-08-23 272436.19 2859.33 siding 116.06 61.51 10.72 48.31
2023-09-20 1193403.77 3462.85 window 55.61 75.19 33.28 45.87
2023-04-03 82979.03 4012.90 insulation 90.21 8.08 33.32 25.64
2024-01-17 299440.91 1040.74 lumber 120.74 67.58 35.44 39.96
2024-07-16 24536.81 879.04 door 19.25 55.57 20.61 7.65
2023-06-07 98157.04 567.61 flooring 126.36 14.81 79.40 48.89
2024-03-30 162241.08 3200.33 roofing 196.33 21.39 16.64 48.25
2023-03-04 371409.77 3547.05 siding 42.07 58.96 65.32 9.02
2023-02-07 4446.78 206.35 siding 159.56 33.15 16.77 15.67
2024-01-23 89619.32 4684.25 flooring 182.04 94.14 11.70 5.91
2024-01-30 98494.53 307.26 door 189.02 82.78 91.40 14.31
2024-04-10 760513.85 2729.42 lumber 192.23 98.44 23.06 40.98
2024-06-14 513700.86 3559.85 insulation 106.68 29.67 83.02 19.54
2024-12-13 381894.06 4361.30 siding 195.58 97.12 56.74 5.33
2024-01-12 108223.81 3584.73 lumber 152.68 45.97 12.40 17.77
2023-08-24 2157884.76 4018.55 door 36.53 38.01 95.77 49.09
2024-08-03 46508.76 1730.28 flooring 98.00 9.78 28.46 31.85
2023-07-17 225080.23 4083.38 window 145.07 10.01 86.67 21.39
2023-11-17 18925.61 446.57 insulation 53.23 70.74 21.04 9.16
2023-02-27 2772295.68 4479.34 roofing 129.92 48.50 86.12 49.32
2023-01-19 55655.43 2760.58 siding 134.99 26.52 6.26 41.22
2024-12-03 618270.44 4095.62 door 36.73 63.33 53.62 14.79
2024-09-02 67115.84 2288.98 window 115.19 29.02 78.10 4.43
2024-05-23 203706.51 3235.71 roofing 155.47 59.88 93.81 3.77
2023-10-26 196153.12 2655.69 drywall 102.28 39.12 91.37 6.90
2023-05-07 2242249.56 3671.37 door 7.36 83.24 82.86 29.46
2023-04-25 478069.88 454.07 door 6.76 82.97 89.38 46.51
2023-07-02 31977.50 348.74 roofing 74.62 50.35 23.93 25.34
2024-02-05 195107.31 1273.16 window 185.61 38.33 32.00 42.30
2024-06-05 76585.90 839.75 drywall 49.59 39.44 32.45 22.85
2024-04-26 1559262.54 4365.33 lumber 128.70 81.54 40.82 35.72
2023-07-24 193527.24 1135.11 lumber 48.30 36.18 42.37 36.86
2024-11-28 196942.48 4880.53 flooring 67.73 24.86 56.73 9.52
2024-06-22 22857.22 1717.63 window 170.37 13.05 20.19 18.70
2024-02-09 322899.68 951.48 insulation 147.13 49.34 70.67 32.23
2024-03-22 56382.91 3959.01 siding 23.60 50.80 20.92 4.46
2023-11-03 545237.63 3310.60 roofing 88.60 84.89 34.48 18.72
2023-06-30 285545.07 2516.07 flooring 10.69 26.02 52.82 27.21
2023-09-17 1392671.76 2799.05 drywall 98.77 41.19 80.66 49.82
2024-07-07 1617897.51 3610.05 roofing 134.17 81.80 75.25 24.25
2023-01-11 805906.58 1180.85 roofing 28.11 83.24 66.33 40.99
2023-03-26 272184.21 4981.85 window 61.33 41.54 19.80 22.17
2023-02-03 1623102.61 4875.23 siding 82.58 48.62 56.97 40.02
2023-01-30 131771.86 3269.11 insulation 184.31 33.81 13.31 30.18
2024-09-16 531379.71 1037.74 lumber 198.68 93.59 40.85 44.44
2024-05-28 156457.00 3417.13 door 13.76 16.27 44.28 21.14
2023-12-13 27548.90 407.38 door 153.40 93.71 8.78 30.61
2023-03-13 42791.38 201.73 roofing 77.49 69.97 31.03 31.87
2023-12-25 456474.36 1325.53 lumber 81.53 55.50 95.79 21.45
2023-12-12 43270.11 2339.98 lumber 152.08 8.10 95.60 8.07
2023-05-07 138197.29 4347.95 siding 184.09 50.18 38.47 5.58
2023-11-13 6117.97 3649.49 drywall 190.43 43.74 9.09 1.82
2023-10-18 220155.86 3726.40 drywall 117.54 20.32 22.01 43.80
2024-03-25 233007.08 2156.19 flooring 74.64 67.36 42.26 12.59
2024-04-08 554695.81 1762.38 window 158.57 97.26 95.04 11.36
2023-02-03 226250.52 1886.64 siding 53.95 58.41 18.41 37.07
2023-10-01 1397742.50 4938.87 siding 114.99 72.90 77.53 16.68
2024-04-01 3992.46 248.54 window 74.92 11.50 15.32 25.80
2024-01-03 512399.91 4341.81 lumber 133.04 44.68 98.22 8.96
2024-09-17 279590.78 2914.44 drywall 51.88 16.05 41.25 48.03
2024-04-25 1420428.33 2221.15 drywall 42.36 63.22 78.65 42.73
2023-04-29 1674929.10 3640.03 lumber 184.06 94.16 37.55 43.33
2023-02-21 682114.44 2459.01 drywall 24.85 67.87 64.63 20.93
2024-04-13 143424.60 4373.45 roofing 103.66 12.30 23.24 38.36
2023-01-20 80027.84 4508.47 siding 48.07 38.69 18.87 8.05
2024-03-03 50029.23 2137.52 door 12.59 57.31 94.12 1.42
2024-11-17 32363.56 1420.30 window 12.02 43.30 92.18 1.98
2024-02-25 2007109.80 2982.13 drywall 39.17 84.20 89.31 29.74
2023-10-11 1695875.36 4566.20 flooring 174.02 82.39 64.42 23.31
2024-04-14 450287.83 1092.78 drywall 60.08 63.12 81.79 26.38
2023-12-01 3543.80 3133.68 drywall 190.34 40.48 11.56 1.37
2024-02-03 222063.61 3176.22 insulation 118.42 29.26 36.80 21.71
2024-11-18 208635.34 3678.91 roofing 90.14 15.06 34.80 36.19
2023-10-09 121152.57 701.26 window 118.12 38.72 65.39 22.69
2024-12-02 683209.97 3593.33 insulation 105.76 44.25 38.82 36.88
2024-10-22 224564.70 4549.71 insulation 152.96 69.20 19.11 12.42
2023-05-23 483551.86 939.43 flooring 60.09 67.53 61.66 40.84
2023-02-20 104744.61 1225.84 siding 73.84 11.66 82.37 29.83
2023-03-15 288549.30 4858.41 flooring 179.35 42.55 41.30 11.33
2023-01-14 11070.50 945.84 siding 189.56 22.27 17.57 12.60
2023-03-10 188493.31 4279.21 siding 179.05 19.90 23.69 31.77
2024-05-13 718336.20 2486.78 window 86.79 83.59 27.56 41.67
2023-02-21 24007.60 1273.79 drywall 157.17 8.98 33.49 21.37
2023-08-21 528964.77 4360.21 window 97.89 44.82 66.07 13.66
2024-09-08 383381.41 2254.26 roofing 102.02 20.98 62.09 43.48
2023-01-17 1662449.68 2598.35 siding 44.91 88.54 71.13 33.79
2024-08-17 287348.79 1828.21 insulation 120.27 57.92 39.44 22.96
2023-07-25 504059.38 2985.11 drywall 41.30 26.98 83.28 24.91
2023-03-28 35450.83 859.44 door 69.66 52.73 24.39 11.01
2024-05-23 695469.45 1985.85 roofing 171.73 74.49 49.56 31.71
2024-04-04 2106644.65 4848.59 window 45.38 96.02 81.09 18.58
2024-10-02 115556.59 1327.76 flooring 18.88 25.94 22.12 49.79
2024-06-20 335934.51 3300.85 roofing 18.46 89.19 15.44 24.53
2024-08-09 1032213.45 1659.69 roofing 188.45 93.76 88.95 24.81
2023-07-25 1158701.64 3878.69 drywall 103.85 92.06 37.58 28.73
2023-05-10 443471.36 697.82 roofing 84.84 65.36 69.97 45.92
2024-07-01 280422.82 4850.61 roofing 163.12 64.83 7.41 40.24
2024-08-11 484051.88 2296.26 door 167.99 43.31 70.55 23.11
2024-12-24 357701.39 1218.45 lumber 69.78 76.48 35.03 36.22
2023-10-29 20810.98 413.81 flooring 140.26 55.47 10.30 29.73
2023-09-29 292709.90 890.30 flooring 155.37 69.36 62.93 25.13
2024-07-20 102605.73 2622.88 flooring 132.66 45.70 27.88 10.42
2023-09-06 381913.34 1718.17 siding 34.56 74.49 41.75 23.73
2024-11-10 169114.06 4152.97 insulation 175.80 83.32 12.66 13.05
2024-09-18 108552.71 2182.89 lumber 110.12 18.91 18.98 45.83
2023-11-10 188753.45 1281.14 flooring 60.08 84.13 33.31 17.43
2024-07-02 337649.32 3104.87 roofing 87.92 56.33 13.53 47.66
2024-07-04 2257139.86 3548.55 roofing 12.33 85.24 91.53 27.12
2023-03-17 23696.46 876.86 flooring 29.93 45.97 5.57 31.95
2024-10-20 152243.97 879.72 drywall 154.28 41.01 50.97 27.60
2024-01-04 9512.55 231.52 flooring 5.00 91.93 16.71 7.34
2024-08-26 212295.88 3695.19 roofing 86.23 28.86 34.23 19.42
2023-08-22 465528.45 3335.83 siding 106.89 85.20 92.98 5.86
2024-10-15 235998.45 2399.42 window 15.65 50.98 20.36 31.52
2023-10-12 1513332.25 4228.64 window 194.75 53.84 96.75 22.90
2023-01-08 401079.11 4038.07 lumber 49.09 34.30 24.55 39.12
2024-10-22 469795.64 2947.50 lumber 64.32 59.44 75.45 11.80
2023-03-08 244399.42 4347.94 flooring 64.27 35.90 56.93 9.06
2023-08-22 51499.22 1068.91 door 49.93 8.73 89.03 20.91
2024-11-24 152398.05 604.00 flooring 5.29 30.84 57.63 46.40
2024-11-24 44733.10 1385.26 drywall 147.22 5.61 55.78 35.81
2024-02-23 49166.07 332.58 flooring 193.53 97.94 23.57 21.53
2024-04-06 429513.28 2679.29 lumber 48.74 96.75 20.79 26.35
2023-11-24 282014.66 4686.20 window 134.29 42.54 92.07 5.13
2023-08-03 98693.08 244.75 roofing 149.67 74.20 36.14 49.24
2023-08-28 100070.93 654.44 flooring 170.44 37.85 40.35 33.65
2024-05-05 546560.36 2288.39 roofing 87.41 68.75 77.18 14.98
2024-07-03 1262571.86 4672.68 roofing 64.07 81.52 37.19 29.70
2024-07-31 281744.88 1614.97 door 68.43 94.94 95.45 6.36
2024-07-30 1201245.63 2560.81 roofing 143.96 43.02 75.10 48.33
2023-03-08 33953.03 255.79 window 164.27 79.41 61.76 9.56
2023-12-27 210148.04 784.30 siding 40.41 30.26 88.69 32.75
2023-02-12 184785.91 4933.82 siding 77.33 99.08 9.71 13.03
2024-02-06 113119.83 4827.34 insulation 180.88 7.45 29.42 36.16
2023-11-19 27658.83 74.45 drywall 162.31 62.34 49.18 39.06
2024-10-10 872210.00 4761.47 flooring 197.05 67.65 26.56 34.00
2023-09-14 1599130.33 3213.64 drywall 152.08 70.36 75.67 31.11
2023-03-27 884328.04 4346.20 window 81.67 16.44 92.32 44.73
2023-04-15 141921.80 2300.96 roofing 120.17 94.16 45.26 4.85
2024-07-09 111697.30 2602.20 siding 133.90 22.21 37.50 17.21
2024-03-27 606147.63 2469.79 drywall 20.30 64.16 96.35 13.17
2023-03-15 614328.78 3350.98 window 111.18 26.15 47.26 49.41
2023-03-03 76858.89 741.27 siding 143.32 34.19 51.46 20.08
2024-05-26 49937.38 198.37 roofing 37.63 56.91 38.41 36.90
2023-02-23 666812.43 1574.25 drywall 157.22 44.63 91.41 34.55
2024-08-22 144182.77 3538.17 siding 118.84 20.22 59.05 11.39
2024-05-30 64103.73 1049.17 flooring 190.68 21.24 77.41 12.71
2023-03-01 554588.49 3383.49 lumber 13.27 44.72 82.12 14.78
2023-03-03 889980.30 4851.06 flooring 56.74 76.94 37.48 21.15
2024-12-21 81079.03 514.81 insulation 122.30 90.31 46.20 12.48
2023-10-01 22638.56 3379.38 insulation 62.83 12.99 85.60 1.96
2023-09-28 496234.59 2246.56 siding 144.31 42.34 39.51 44.09
2024-08-16 736158.42 4347.30 lumber 153.01 14.52 80.42 48.31
2024-11-22 30610.41 926.89 window 24.99 6.58 94.39 17.74
2024-12-20 800511.46 3478.50 flooring 105.20 67.86 64.20 17.59
2024-07-03 78143.62 4198.67 window 104.23 62.23 75.45 1.35
2023-10-02 813474.01 4725.84 lumber 77.01 20.49 81.48 34.33
2023-03-02 987630.53 3432.08 window 186.92 27.21 85.28 41.45
2024-07-21 17303.59 2511.02 lumber 166.36 7.25 42.53 8.18
2024-02-12 67259.90 3108.34 siding 140.96 84.32 9.87 8.82
2023-11-06 2184612.88 4351.08 window 144.29 97.60 43.18 39.71
2024-10-23 332323.31 2874.52 flooring 95.03 17.87 69.01 31.20
2023-03-23 1490.74 200.42 roofing 184.59 26.99 47.78 3.20
2023-12-26 2937280.65 4658.20 insulation 140.45 87.50 76.15 31.50
2023-01-09 607463.54 3463.16 roofing 147.15 93.01 38.91 16.14
2023-12-09 568250.51 3398.74 window 173.03 44.86 65.30 19.07
2023-02-11 29954.41 1117.59 roofing 58.44 9.81 22.71 38.72
2023-03-28 267966.80 3311.48 flooring 162.38 8.74 76.19 40.74
2023-03-27 420193.59 1999.63 flooring 43.07 59.53 56.84 20.62
2024-04-18 478616.19 3273.60 window 72.34 42.33 24.39 47.41
2024-06-28 10107.20 577.64 siding 70.44 7.72 32.73 20.92
2024-03-01 1772547.59 3306.33 roofing 195.81 60.41 76.12 38.82
2024-12-03 111971.75 4997.10 siding 172.02 6.07 50.85 24.71
2023-10-01 79424.78 288.65 siding 141.73 79.80 25.52 44.98
2023-07-28 2205338.06 4887.01 lumber 146.78 34.11 96.89 45.48
2024-09-26 20040.44 2064.19 door 114.60 8.82 72.94 5.28
2023-06-13 3585973.11 4360.23 window 189.68 60.89 95.93 46.89
2024-12-04 950779.67 3922.81 insulation 101.77 42.78 45.57 41.45
2023-01-09 1670746.77 2856.73 flooring 79.20 97.51 50.13 39.77
2024-12-09 619091.82 3705.32 flooring 36.79 56.70 90.31 10.84
2023-02-01 911451.68 4398.65 window 158.31 31.15 54.88 40.45
2024-10-12 1375379.89 2050.49 lumber 148.22 72.40 72.19 42.66
2024-01-21 68130.06 1668.81 drywall 79.95 30.79 28.96 15.17
2024-12-25 2074134.47 3354.59 drywall 9.91 90.90 47.44 47.66
2023-02-23 26805.99 4048.84 drywall 168.60 40.60 16.73 3.44
2024-02-09 137573.69 3823.31 lumber 7.23 57.24 24.57 8.35
2024-12-08 15386.88 3999.18 insulation 142.22 9.80 5.09 27.34
2024-01-17 74996.04 2206.14 flooring 194.20 45.48 8.73 29.21
2024-04-04 3301575.53 4098.28 window 90.34 84.07 97.84 32.61
2024-05-22 8962.57 645.03 lumber 50.82 81.54 28.02 1.83
2023-11-28 709546.83 2745.22 flooring 142.45 26.31 68.01 48.06
2024-04-03 -131.33 78.51 siding 164.34 26.48 84.71 3.18
2024-03-02 188720.78 1656.70 roofing 111.55 82.64 57.31 8.01
2024-10-19 15922.57 1863.98 roofing 193.57 93.39 19.55 1.69
2023-02-03 184269.45 2011.05 lumber 15.08 14.06 74.17 28.78
2023-07-25 1451207.46 3492.56 flooring 103.44 47.76 62.02 46.68
2024-11-24 548899.60 1973.36 door 145.10 37.06 74.47 33.63
2024-10-11 1930393.03 2271.03 insulation 173.21 87.72 78.13 41.31
2023-11-29 8676.95 1225.84 drywall 39.95 12.93 97.66 1.65
2024-03-28 232695.49 1897.60 insulation 161.00 25.06 59.49 27.56
2023-07-22 238401.37 1174.98 insulation 112.78 76.48 37.46 23.52
2023-05-18 21365.48 412.32 lumber 82.33 9.87 66.60 25.45
2023-12-05 25116.36 3037.07 siding 30.68 51.79 11.50 4.54
2023-09-15 1475257.94 3357.65 insulation 173.73 47.00 90.25 34.54
2024-03-02 144074.78 3116.48 roofing 35.67 36.77 16.34 25.66
2023-02-26 417260.71 2344.30 siding 65.41 42.48 36.15 38.49
2024-12-12 658129.73 1929.94 window 61.56 55.34 82.50 24.78
2024-12-20 133588.66 4323.50 insulation 174.93 20.33 61.74 8.32
2024-05-24 648426.27 2619.45 insulation 136.18 59.34 42.40 32.76
2024-01-27 278655.67 2421.95 window 160.35 81.52 49.98 9.45
2023-08-14 160118.68 176.93 insulation 53.84 77.22 86.18 43.75
2024-08-17 117446.18 1739.18 window 126.85 19.62 37.30 31.04
2024-05-14 83431.25 1931.97 siding 116.49 19.18 87.62 8.70
2023-04-29 118013.68 2024.17 roofing 167.40 30.48 13.37 48.15
2024-10-26 715462.70 2921.85 window 181.69 39.30 78.80 26.40
2024-08-23 139612.92 2691.33 door 7.37 43.80 85.52 4.57
2024-11-24 450735.33 3059.13 lumber 136.43 69.57 22.27 31.71
2024-06-13 76007.80 3836.17 lumber 15.11 10.38 45.88 13.41
2024-03-23 85096.09 4074.28 window 112.03 8.29 20.72 40.38
2023-11-02 1355542.58 3604.71 lumber 61.09 42.23 72.13 41.07
2024-11-11 2797677.26 4779.84 insulation 64.82 71.23 55.86 48.97
2024-09-24 17841.48 140.25 drywall 73.83 23.38 65.36 25.59
2023-02-03 111870.37 1019.10 drywall 126.15 65.94 23.67 23.29
2023-01-20 8230.65 87.44 lumber 70.14 29.68 25.12 37.92
2023-10-02 54529.40 3255.00 siding 147.88 89.18 8.94 7.49
2024-08-14 1205123.03 4495.25 flooring 83.88 90.09 35.60 27.80
2024-12-21 204822.35 1255.24 siding 18.33 33.24 58.18 27.77
2023-04-20 171426.89 4638.82 flooring 157.83 26.85 86.50 5.38
2024-03-09 69123.08 348.32 drywall 60.72 44.07 68.36 21.48
2023-10-06 777829.17 4675.46 drywall 89.39 27.85 46.36 42.81
2024-12-09 1523071.98 1790.53 window 138.66 68.88 95.55 42.95
2024-09-06 60603.19 552.03 roofing 69.83 83.48 73.33 5.86
2024-09-03 259300.20 2455.07 door 16.03 68.94 93.37 5.45
2023-12-09 253552.52 1321.04 siding 77.91 83.31 55.12 13.87
2023-10-30 241615.71 1460.12 insulation 189.17 42.71 29.60 43.86
2023-07-19 6886.58 1571.09 flooring 130.14 19.85 10.02 7.32
2023-02-11 2436731.00 4024.98 lumber 135.94 75.11 73.98 36.28
2024-09-23 29875.89 2718.85 insulation 128.30 39.25 16.52 5.96
2024-08-16 351968.74 1590.97 roofing 43.80 68.77 33.76 31.53
2024-12-30 290702.64 3071.15 flooring 86.58 30.71 55.58 18.45
2024-12-28 318790.18 3594.95 siding 151.43 12.72 58.62 39.66
2024-02-10 323306.65 1399.49 window 24.77 99.30 62.06 12.45
2024-07-15 84424.05 2097.07 insulation 59.18 19.84 20.79 32.32
2024-11-20 100117.00 653.34 roofing 58.88 98.90 41.08 12.55
2024-09-12 640019.30 946.69 siding 89.24 97.84 63.63 35.97
2023-06-30 3516071.17 3421.53 drywall 196.17 80.41 97.13 43.81
2023-11-25 104747.20 948.12 drywall 18.16 67.65 74.12 7.21
2023-04-05 1919823.79 2649.56 siding 106.15 59.89 92.65 43.46
2024-11-27 2175861.27 3559.78 siding 39.98 87.28 77.41 30.09
2024-03-18 23253.22 579.04 siding 194.28 32.50 61.21 7.23
2023-06-16 216502.56 2858.20 flooring 27.09 49.43 23.24 21.95
2024-05-05 154915.52 1319.99 siding 83.70 63.84 68.34 8.88
2024-03-27 1446590.08 4816.49 insulation 148.89 44.06 64.22 35.32
2023-09-19 795029.34 2443.55 roofing 142.39 45.61 62.23 38.18
2023-03-24 140152.93 4039.66 flooring 87.43 36.38 51.53 6.18
2024-05-05 698530.55 2773.62 siding 72.57 58.60 55.22 25.80
2024-01-15 103369.26 264.89 door 82.53 85.80 36.77 40.92
2024-07-17 589608.97 3184.10 lumber 56.53 24.15 54.33 46.87
2024-01-15 833864.70 4759.45 door 45.04 93.77 23.77 26.16
2024-09-14 2486646.43 3027.98 roofing 99.19 70.46 81.49 47.56
2024-02-07 634487.39 4104.98 drywall 57.36 83.21 22.65 27.25
2024-02-14 203366.78 4426.82 window 61.06 57.84 13.07 20.32
2024-10-01 553120.03 1178.99 window 133.07 79.05 46.44 42.56
2023-10-22 34821.84 1099.62 lumber 193.86 6.54 67.54 25.16
2023-04-08 858104.06 3074.36 drywall 122.71 82.75 46.58 24.12
2023-01-22 44636.24 2084.59 flooring 20.01 8.81 31.29 25.03
2024-07-05 2791957.36 4207.31 flooring 19.74 89.54 58.03 42.49
2024-03-28 2126501.87 4505.11 flooring 190.53 99.24 37.97 41.77
2024-05-28 347507.55 1799.44 window 62.97 32.94 93.62 20.77
2023-06-05 147962.07 1222.51 door 22.95 24.98 92.65 17.33
2023-04-10 1206960.11 3913.60 window 121.81 77.71 52.73 25.10
2023-01-11 128526.05 1410.29 insulation 126.61 29.04 36.15 29.07
2023-09-13 1026440.07 4121.94 siding 131.46 87.23 75.03 12.68
2024-03-06 31488.72 2147.50 flooring 57.14 14.77 8.49 39.90
2023-10-14 213890.12 3354.37 door 7.95 16.97 50.10 24.84
2023-11-16 96337.09 522.90 roofing 193.18 98.02 36.95 17.37
2024-10-22 377661.92 3138.10 lumber 53.92 69.01 92.45 6.23
2023-09-12 44634.06 2286.25 roofing 136.83 85.45 6.14 12.70
2024-01-11 867317.83 2953.71 siding 142.79 35.81 57.52 47.51
2024-07-26 219713.34 881.67 door 123.95 69.27 75.36 15.95
2023-10-17 322779.49 3697.53 window 66.02 61.45 51.08 9.27
2024-03-30 250049.24 4320.85 window 57.86 62.30 13.11 23.57
2024-09-21 368889.82 1122.86 insulation 121.55 69.84 97.38 16.05
2024-11-24 11862.08 523.79 insulation 173.89 59.66 54.21 2.72
2023-04-18 22380.62 167.01 window 189.61 45.76 63.35 16.83
2024-11-07 230304.29 3227.76 roofing 25.65 31.21 27.48 27.66
2023-12-26 1024301.44 3055.12 lumber 35.19 78.02 50.93 28.03
2023-07-08 181909.69 2756.15 flooring 189.22 26.50 45.77 18.47
2023-12-02 69931.35 1198.14 roofing 148.62 70.77 12.12 22.92
2024-12-16 117089.34 1984.98 lumber 177.18 27.17 15.09 48.31
2023-12-26 955096.66 2992.66 insulation 44.51 64.41 84.56 19.49
2023-08-28 217917.21 2509.00 siding 119.58 75.97 27.78 13.65
2024-04-07 115664.88 4939.54 lumber 141.72 25.78 23.52 12.93
2023-06-25 26266.47 725.38 window 137.62 10.69 52.97 23.43
2023-02-25 546279.20 3490.97 insulation 84.59 17.44 78.03 38.22
2023-04-05 48306.17 2051.38 insulation 8.00 62.57 10.88 11.09
2023-04-04 1195884.83 2169.59 flooring 118.67 85.70 59.80 35.76
2023-04-21 2610.29 3602.11 window 54.35 9.27 16.32 2.04
2023-04-12 142558.30 3477.56 flooring 92.80 74.74 8.46 21.53
2024-04-12 214319.55 4956.72 window 191.73 37.43 10.01 39.02
2023-05-13 155842.25 685.55 flooring 82.81 50.46 84.25 17.60
2023-09-10 71428.23 565.34 lumber 168.76 93.24 16.21 28.62
2024-10-16 40874.50 3635.48 roofing 41.77 36.54 9.29 11.04
2023-12-12 750290.17 2913.02 siding 136.13 49.21 46.60 37.36
2024-05-02 4882.18 1407.10 siding 195.52 6.30 85.18 3.56
2023-05-06 21747.94 443.13 window 24.87 12.75 29.93 42.77
2023-05-21 20988.97 474.01 door 6.62 29.57 45.06 10.71
2023-01-30 38779.40 4476.24 drywall 89.55 7.65 8.79 43.85
2023-05-04 170151.15 999.74 insulation 23.06 64.98 47.66 18.27
2023-07-23 491578.06 1650.69 insulation 150.93 45.51 59.87 36.41
2023-05-10 196082.72 1171.95 window 183.34 57.07 59.24 16.64
2023-03-06 195350.27 1807.23 lumber 89.63 21.59 36.58 45.39
2023-03-30 10496.82 393.65 flooring 55.45 33.11 34.98 7.21
2023-12-03 78215.47 2619.35 door 89.71 68.06 15.13 9.75
2023-05-31 112810.91 384.68 roofing 146.07 96.70 39.85 25.16
2023-09-23 9965.75 4011.76 flooring 6.77 9.79 14.45 5.01
2024-01-03 267980.84 1206.87 flooring 119.94 89.59 77.83 10.60
2024-05-18 2237621.25 2723.06 window 124.59 59.80 96.80 47.24
2023-01-29 3678804.89 4406.39 window 129.35 58.57 97.16 48.85
2024-08-06 877621.24 3271.84 lumber 52.19 52.53 87.18 19.44
2024-04-03 267123.46 2688.14 insulation 144.24 11.59 62.08 46.24
2023-03-01 134159.73 1655.45 window 22.82 13.54 71.58 27.70
2024-09-29 145004.53 1698.36 window 43.86 62.09 32.09 14.22
2024-11-03 865780.53 3363.96 window 176.11 37.39 64.92 35.42
2023-02-14 2210641.93 4970.99 lumber 149.05 92.14 48.29 33.29
2023-07-22 1096102.28 3326.10 insulation 7.68 43.63 50.79 49.47
2024-08-11 168035.80 2811.03 roofing 53.43 18.61 76.99 13.99
2024-06-30 866791.24 3666.72 roofing 46.81 72.90 31.78 33.93
2023-05-15 29513.69 2352.77 drywall 57.81 32.87 35.21 3.55
2023-06-02 36602.40 347.70 drywall 53.27 54.92 92.84 6.57
2023-09-28 7829.57 2833.37 window 17.19 71.29 10.34 1.19
2023-12-20 3328221.52 4790.25 drywall 94.49 90.53 51.14 49.97
2024-03-27 821414.55 917.75 insulation 147.88 80.26 91.72 40.31
2023-09-27 1795636.15 3465.52 lumber 123.31 69.25 62.98 39.55
2023-12-04 323824.66 1044.62 roofing 136.21 69.57 56.91 25.98
2024-06-29 347966.83 2702.35 flooring 20.82 94.86 28.73 15.70
2023-01-27 13949.01 528.55 roofing 190.54 33.10 37.61 8.41
2023-07-04 41882.49 2279.34 roofing 168.51 5.11 85.94 14.95
2024-06-04 395539.45 3793.01 insulation 161.99 30.84 58.13 19.42
2024-10-15 279401.68 1770.48 drywall 165.48 25.70 53.90 38.06
2024-01-09 268079.20 3341.31 flooring 186.88 67.87 14.46 27.44
2024-01-24 24404.29 3987.48 insulation 111.13 65.20 6.52 4.80
2023-03-20 155416.68 4639.53 window 44.05 61.38 96.55 1.88
2023-11-23 5877.27 1211.48 lumber 125.27 6.54 40.81 6.01
2024-01-24 593214.12 2026.61 siding 149.86 74.23 62.31 21.11
2023-06-27 48084.92 804.46 roofing 148.89 35.74 12.57 46.73
2023-07-16 2289264.84 4962.79 siding 106.68 68.18 69.90 32.23
2023-10-03 3042828.34 4638.65 lumber 18.35 57.87 93.59 40.29
2023-01-15 438914.47 2722.79 lumber 77.37 37.56 59.69 23.85
2023-08-24 69404.62 4218.06 insulation 184.55 17.78 16.98 18.72
2023-06-04 41294.90 2628.74 insulation 118.97 13.97 60.26 6.31
2023-08-28 2704690.41 3136.75 insulation 109.97 83.99 77.80 43.92
2023-03-29 238232.99 491.17 siding 57.43 92.25 43.61 39.37
2024-10-12 621571.33 3788.59 insulation 76.85 66.73 88.58 9.24
2024-03-09 52346.40 682.18 lumber 179.59 14.83 66.62 26.10
2024-05-10 1206004.66 4139.03 window 134.96 43.19 90.43 24.88
2024-07-30 1776046.44 3921.04 insulation 158.54 74.25 64.23 31.63
2023-12-30 697908.76 3558.29 door 93.60 79.08 17.47 47.36
2023-03-05 11319.36 228.99 drywall 127.90 16.23 34.42 29.41
2024-01-28 15464.34 1550.49 siding 53.43 5.00 24.17 27.47
2024-03-04 91845.19 1352.41 door 142.56 72.65 91.34 3.47
2024-06-28 67934.23 1832.68 insulation 88.38 38.88 77.24 4.08
2023-11-12 29556.96 483.83 lumber 91.30 29.18 69.26 10.18
2023-04-04 5151.20 4687.94 window 131.62 6.23 33.59 2.59
2023-07-27 395571.25 2791.32 roofing 187.57 56.33 22.48 37.42
2023-09-23 1135084.64 1562.35 flooring 17.48 85.86 76.86 36.44
2024-04-16 221816.82 2015.06 drywall 165.82 95.98 50.05 7.67
2024-02-21 445080.37 2263.65 flooring 62.01 58.75 26.45 41.97
2023-09-17 266831.89 3022.94 insulation 91.56 53.87 63.58 8.58
2024-12-21 17517.74 2602.61 drywall 9.27 13.08 8.83 15.76
2024-03-18 374433.52 4600.99 drywall 63.70 57.14 35.99 13.20
2023-06-23 294349.73 2509.97 window 103.01 41.10 49.51 19.24
2023-03-16 240207.29 4961.18 drywall 15.95 62.68 19.06 13.48
2023-04-22 1318666.50 4264.55 siding 100.76 41.93 98.54 24.96
2023-06-29 44801.02 1082.13 door 185.79 27.83 24.86 20.96
2023-04-28 168749.46 4656.45 door 25.55 14.02 17.38 49.34
2023-05-17 3623.47 626.01 door 154.07 34.92 24.34 3.74
2023-07-28 108075.82 4096.38 siding 84.89 14.18 78.06 7.97
2023-05-07 22217.10 1934.09 flooring 132.76 21.81 45.42 3.59
2024-10-16 2425539.08 4395.97 window 55.75 98.80 58.71 31.67
2023-02-28 17414.36 4346.88 drywall 36.10 47.19 7.00 3.67
2024-01-18 234107.56 4039.33 siding 36.29 55.53 8.27 41.99
2023-10-27 1294397.62 3960.65 door 18.75 87.99 47.35 26.08
2024-12-18 1035999.53 1558.16 insulation 41.20 99.58 82.58 26.82
2023-03-23 208442.11 450.55 roofing 134.52 60.36 89.10 28.52
2023-10-18 62549.44 2044.75 drywall 176.93 82.19 13.24 9.37
2024-12-08 58396.91 908.95 siding 163.75 36.06 56.14 10.69
2024-09-23 544142.34 3490.01 lumber 138.60 34.05 91.76 16.62
2024-08-19 288116.76 1763.19 siding 26.53 43.26 41.86 30.08
2023-07-08 955098.13 4879.27 window 61.39 68.89 83.81 11.30
2023-05-05 81768.40 3222.81 window 65.41 69.81 17.70 6.70
2024-05-03 1971682.05 4121.28 siding 53.74 34.95 93.86 48.54
2024-11-09 5662.87 706.00 door 105.43 17.65 76.39 2.08
2024-02-11 3214829.52 4316.97 roofing 109.43 65.08 94.43 40.33
2024-02-22 655089.39 4617.65 drywall 74.59 17.19 69.28 39.61
2023-07-24 271569.93 2460.96 window 73.99 59.96 39.52 15.56
2024-07-15 464496.59 3050.95 drywall 166.57 70.88 94.13 7.65
2023-05-17 207512.38 3835.81 door 158.91 71.56 31.18 8.14
2023-08-25 272349.05 915.45 drywall 65.02 76.58 36.56 35.17
2023-11-07 1559037.33 2537.70 insulation 183.19 87.92 71.58 32.50
2024-01-06 973568.89 2023.38 window 190.80 52.50 77.71 39.35
2023-06-26 762577.38 774.55 door 68.71 74.37 93.29 46.94
2023-03-25 306051.58 1869.30 door 74.11 63.82 24.46 34.90
2024-03-21 18000.49 387.45 roofing 103.60 22.73 80.81 8.64
2023-07-30 438.33 177.77 roofing 188.52 7.44 75.16 12.93
2024-02-29 31543.00 719.07 insulation 175.88 32.03 11.06 42.27
2023-04-23 320449.98 4817.42 door 25.00 47.09 41.79 11.26
2023-12-18 75630.68 2770.17 flooring 81.58 63.63 31.86 4.55
2024-01-24 1495628.97 4830.82 door 112.91 85.75 33.93 35.46
2023-02-07 316855.85 2190.86 roofing 103.11 23.64 98.38 20.72
2023-09-03 248352.35 1593.49 flooring 42.80 16.93 66.06 46.08
2023-04-09 1782630.50 2555.40 window 172.47 96.53 73.18 32.86
2023-02-16 52048.96 2225.58 window 137.00 15.26 97.78 5.43
2024-12-23 168441.59 573.04 drywall 168.39 50.46 40.83 47.44
2023-08-24 648599.06 3222.09 siding 172.46 60.63 81.17 13.67
2024-08-14 153338.65 1119.39 roofing 150.93 56.43 46.28 17.52
2023-07-05 223607.35 3116.96 siding 90.65 13.17 87.61 20.71
2024-05-12 6845.24 3268.50 flooring 124.06 10.42 22.16 3.51
2024-07-08 86622.09 802.52 roofing 36.27 15.02 95.03 25.33
2024-03-10 11829.99 353.68 insulation 136.36 60.63 25.78 7.04
2023-12-11 494921.59 3914.77 door 39.95 56.71 35.99 20.65
2023-10-28 264241.92 2326.01 insulation 140.32 27.21 76.84 18.18
2023-09-12 112748.61 337.91 flooring 49.77 65.59 42.41 38.87
2024-11-09 3138438.85 4974.59 roofing 27.92 82.91 62.78 40.36
2024-08-29 3862.20 336.01 lumber 37.23 8.95 47.23 8.52
2024-12-05 785976.03 3490.42 flooring 5.39 52.32 75.53 18.96
2023-04-01 536187.61 4919.21 lumber 145.15 70.48 26.69 19.29
2024-06-17 7087.41 1233.94 door 147.82 28.97 10.55 8.42
2024-11-15 105952.65 754.13 window 105.41 34.24 33.49 40.12
2023-05-13 222019.06 650.86 window 36.47 63.30 50.06 35.65
2023-02-18 91914.19 1551.21 flooring 21.29 90.30 20.96 10.33
2024-06-25 101179.47 550.18 siding 8.73 81.94 38.71 18.97
2024-02-24 168362.38 3476.20 roofing 37.32 60.40 43.00 6.18
2024-09-06 24202.97 358.34 roofing 178.72 74.37 10.45 31.78
2023-04-13 128895.22 2571.64 window 52.10 39.66 60.41 6.95
2024-08-03 4329493.15 4983.65 drywall 74.08 65.89 89.01 49.31
2023-05-28 460313.06 4079.15 insulation 25.54 49.29 19.42 39.25
2023-04-30 266127.93 3095.34 drywall 48.36 23.04 61.79 20.12
2023-04-30 673271.45 1565.96 door 106.25 71.67 68.15 29.35
2024-08-17 1116185.17 3138.28 insulation 123.51 57.86 44.84 45.66
2024-04-30 629950.68 2658.86 insulation 52.84 39.07 71.60 28.15
2024-01-17 251014.08 2159.11 flooring 16.26 91.58 44.02 9.55
2023-09-19 15344.51 697.02 window 81.25 6.99 52.94 19.56
2024-10-02 114413.82 4438.69 drywall 50.67 35.00 5.70 42.31
2023-10-14 164775.51 2276.43 drywall 47.81 10.40 70.71 32.57
2024-08-19 526604.44 1013.38 window 192.17 77.82 67.83 32.89
2023-11-17 150744.33 1870.41 drywall 125.18 71.70 8.65 43.47
2023-10-03 412347.03 2099.94 lumber 113.59 36.48 39.98 44.80
2023-12-04 3890606.12 4146.31 window 86.08 69.19 98.01 46.07
2023-08-09 119114.39 3681.39 flooring 88.64 42.61 44.97 5.65
2024-06-29 1297008.92 3858.06 siding 110.48 76.84 52.68 27.66
2024-01-02 53172.62 104.60 insulation 140.80 48.15 91.44 37.28
2023-06-19 779653.95 2109.96 flooring 141.92 44.17 73.14 38.09
2024-10-18 1272338.25 2432.65 roofing 38.48 93.80 60.30 30.73
2023-10-08 8860.20 145.00 door 102.52 28.83 80.79 9.17
2024-02-01 230088.35 1336.08 siding 85.33 16.44 87.11 40.07
2024-10-23 1217037.19 3813.43 roofing 174.75 60.53 48.40 36.29
2024-03-31 54212.26 728.69 insulation 128.13 97.09 50.14 5.22
2023-03-27 326750.84 2699.79 drywall 108.84 40.89 41.67 23.73
2024-11-17 34272.78 1115.25 window 27.50 10.89 96.84 9.52
2024-04-03 14662.32 110.00 insulation 123.10 37.23 71.23 17.54
2023-09-02 6245.83 1243.95 flooring 27.85 53.06 12.91 1.89
2023-04-12 533456.77 4880.58 door 70.76 20.38 86.98 20.62
2024-08-02 1155967.28 4017.61 flooring 32.85 67.52 50.65 27.94
2024-03-28 519378.75 4799.90 siding 139.95 99.79 11.53 31.36
2024-01-25 680470.80 2464.88 siding 45.22 47.92 57.22 33.51
2024-10-14 128564.92 593.19 door 81.41 38.70 44.63 41.98
2024-07-29 365316.04 2762.40 lumber 179.66 43.07 88.39 11.56
2023-04-21 18170.28 2299.17 roofing 44.84 15.94 24.38 6.90
2023-08-16 4030180.40 4229.57 roofing 104.02 88.91 83.51 42.73
2023-07-01 34078.94 535.51 siding 86.76 44.41 57.98 8.67
2024-06-27 154908.84 2466.79 siding 8.53 41.79 10.19 48.76
2023-01-25 666400.84 792.74 drywall 159.59 67.67 97.33 42.28
2024-02-21 322634.39 1657.15 window 18.46 46.99 53.70 25.54
2024-07-10 1184884.08 3699.92 drywall 97.48 66.58 32.63 49.09
2024-10-02 20851.84 2406.29 drywall 114.33 10.84 49.59 5.77
2023-09-07 648944.31 1910.65 lumber 127.54 82.30 86.50 15.85
2024-08-22 622545.13 2002.66 roofing 139.28 94.35 33.97 32.27
2023-03-22 196842.14 2324.26 lumber 54.39 66.63 23.30 18.15
2024-09-09 911019.53 3935.83 lumber 6.95 95.68 17.26 46.49
2023-04-04 34519.96 4465.82 door 146.07 19.39 33.30 4.22
2023-10-18 1596505.90 4778.91 roofing 109.45 50.35 79.10 27.92
2024-08-05 1096829.70 3945.17 window 168.04 62.17 49.80 29.95
2023-04-20 253124.04 1611.26 flooring 165.17 60.26 26.61 32.98
2023-06-17 123815.46 3456.27 siding 169.45 43.14 20.79 13.53
2024-06-11 171089.45 2216.14 siding 99.59 37.12 36.61 18.86
2024-06-09 267560.79 1310.62 window 70.06 17.05 94.29 42.34
2024-04-13 210530.29 4212.31 lumber 159.35 42.22 37.59 10.55
2024-05-21 62078.62 240.21 drywall 93.00 20.45 98.87 41.52
2024-02-01 1477896.59 4513.72 door 40.77 74.76 51.10 28.57
2023-07-03 147306.54 2334.31 lumber 171.72 24.84 22.02 38.35
2023-09-10 325165.82 3204.15 siding 177.10 10.56 89.66 35.97
2023-05-13 311591.94 3313.80 insulation 95.93 57.47 48.73 11.17
2024-10-25 1733869.54 4480.83 drywall 19.76 61.55 72.42 28.87
2024-03-01 3622557.61 3201.51 siding 80.63 87.83 98.45 43.52
2023-10-20 118887.53 3088.97 insulation 161.69 59.81 9.77 22.17
2023-12-04 28389.02 379.93 lumber 180.85 37.82 14.19 48.36
2024-11-22 1086930.35 2616.12 window 44.68 81.29 73.44 23.16
2023-04-22 35324.08 793.34 window 18.06 56.33 31.77 8.00
2024-03-03 59875.09 3700.30 drywall 176.08 12.53 22.51 20.08
2024-01-05 190405.25 2585.50 siding 80.93 58.76 8.74 47.63
2024-03-22 108545.70 3417.13 roofing 110.64 91.26 7.08 16.67
2023-01-14 113720.60 256.28 insulation 193.77 42.65 78.58 43.54
2024-09-28 37868.48 469.72 door 17.98 33.15 17.77 44.18
2024-11-11 179921.37 3595.80 siding 131.42 18.63 49.43 18.16
2024-02-17 8218.94 406.82 door 19.45 19.39 62.56 5.08
2024-05-23 92798.17 402.72 siding 78.22 46.11 45.69 36.50
2024-11-04 -169.09 109.94 roofing 161.74 61.59 7.58 16.26
2024-05-31 568765.87 4784.68 roofing 89.53 12.66 79.43 39.36
2023-04-22 140737.47 3700.67 drywall 199.45 94.26 6.00 22.69
2024-02-25 797390.75 1798.59 drywall 114.02 76.74 77.38 24.78
2024-03-18 976427.86 1517.85 roofing 67.63 60.73 89.86 39.12
2023-11-06 408561.86 1781.03 flooring 47.92 83.70 46.12 19.74
2024-06-21 185933.08 3884.53 roofing 73.35 12.62 55.88 22.71
2024-11-13 490613.23 3323.78 window 77.64 50.30 50.31 19.43
2024-11-06 149527.13 966.72 window 18.40 64.86 41.97 19.00
2023-11-26 553056.51 911.84 flooring 77.07 83.72 89.31 26.77
2023-03-24 473930.09 537.06 lumber 95.53 79.43 89.92 40.63
2024-12-19 215483.80 3318.50 insulation 145.93 31.32 36.90 18.73
2024-09-04 1839005.67 3833.64 lumber 133.06 94.38 63.43 26.69
2023-04-02 216581.26 1361.98 door 143.21 16.81 93.06 33.87
2024-11-03 61796.81 153.68 lumber 6.63 88.14 96.40 14.20
2024-09-27 104585.04 456.75 siding 47.45 97.24 53.35 14.60
2024-01-14 712498.29 4840.91 lumber 134.03 21.83 48.02 46.74
2024-03-07 384156.04 1512.45 siding 99.38 73.60 31.48 36.45
2023-10-19 288287.45 3857.65 flooring 6.04 8.83 96.09 29.28
2023-02-09 247722.29 3142.08 window 161.88 43.52 18.57 32.74
2023-09-02 45658.49 1940.60 drywall 155.70 54.05 60.08 2.44
2024-08-09 191840.39 1068.15 siding 111.94 60.16 31.84 31.29
2023-01-04 152825.39 650.86 window 17.96 93.91 31.51 25.97
2023-09-01 769677.37 3094.31 insulation 154.47 68.86 43.47 27.74
2023-10-18 1098042.20 3884.44 door 118.82 50.72 99.89 18.61
2024-01-28 39142.13 3237.33 insulation 157.48 81.92 10.22 4.99
2024-11-02 480181.80 2675.00 flooring 151.59 95.30 59.96 10.47
2023-09-10 1734.47 257.66 lumber 161.59 7.10 12.84 47.59
2023-09-11 592773.07 4844.02 lumber 106.01 98.34 19.68 21.03
2024-06-22 177873.96 4003.64 roofing 32.36 13.18 46.76 23.87
2023-11-27 70397.01 1499.47 roofing 135.88 82.37 53.49 3.58
2023-06-13 37621.14 4900.85 roofing 125.99 31.63 29.59 2.84
2023-11-27 201633.00 3029.31 insulation 149.74 17.56 35.06 36.14
2023-04-13 149929.58 2932.99 siding 38.13 46.79 13.26 27.37
2023-05-09 655872.23 3752.96 door 43.02 66.18 33.81 25.93
2023-12-30 626451.28 4068.26 roofing 178.63 41.19 96.82 12.91
2023-11-02 359178.27 3299.57 flooring 151.25 10.18 94.75 37.49
2024-10-29 41769.21 684.07 flooring 182.10 61.95 36.81 9.24
2023-09-22 284586.28 1724.42 roofing 152.95 90.73 59.23 10.31
2024-02-28 1245699.51 4644.01 lumber 121.45 41.41 91.41 23.57
2024-04-06 6070.70 1161.85 roofing 132.56 25.55 5.59 15.03
2023-01-10 286515.35 1892.23 door 178.38 47.04 82.01 13.13
2024-04-29 195724.48 2188.78 roofing 117.87 9.59 95.10 32.62
2023-05-10 248454.47 2225.05 door 128.32 82.95 13.68 32.90
2024-12-02 652432.47 3084.05 flooring 35.51 83.50 20.34 41.40
2023-04-19 1782829.68 4718.23 roofing 97.41 60.86 96.27 21.47
2023-10-30 35675.83 1241.43 insulation 144.70 38.54 56.07 4.58
2023-03-04 15917.95 651.43 drywall 57.83 80.98 6.35 14.41
2024-12-28 257514.84 1027.48 insulation 44.44 57.70 29.48 49.02
2024-01-02 1607124.68 4440.28 flooring 66.20 83.46 47.74 30.22
2024-03-10 1606658.64 3246.76 door 52.09 64.99 70.83 35.78
2023-02-18 37546.83 1465.24 insulation 46.91 79.52 74.65 1.36
2024-07-01 1996991.28 4088.94 door 87.85 61.86 99.57 26.39
2023-06-03 50776.08 4313.78 insulation 182.03 44.34 32.31 2.84
2024-10-17 1983491.85 4240.25 insulation 103.88 96.00 56.13 28.89
2023-05-30 1999887.06 4598.69 door 41.64 56.41 55.67 46.12
2023-05-20 518319.51 1298.59 siding 20.01 62.48 43.54 48.45
2023-01-27 171322.80 3787.46 insulation 140.75 25.95 21.07 27.49
2023-12-11 1036321.74 2329.67 roofing 79.65 64.44 97.86 23.45
2024-02-17 3059852.40 4217.89 drywall 165.26 59.30 86.07 47.31
2023-02-17 439806.12 3656.03 flooring 133.60 22.56 52.34 34.01
2024-07-20 29944.20 3893.41 siding 160.27 10.66 62.31 4.18
2023-11-27 391693.51 3298.00 door 58.03 62.41 26.59 23.82
2024-01-18 156254.95 928.27 siding 140.01 77.55 56.66 12.77
2023-11-18 770721.65 2747.88 window 56.49 54.72 71.02 24.02
2023-10-20 491222.71 4924.12 window 188.12 26.54 53.94 23.32
2024-02-13 2815128.85 4690.07 insulation 129.09 68.32 99.08 29.53
2023-04-24 11259.83 263.71 insulation 68.28 12.61 63.08 18.48
2023-05-13 45139.78 865.83 roofing 57.55 46.97 40.24 9.05
2024-09-21 89541.09 702.06 drywall 42.23 20.52 78.35 25.68
2024-11-21 216910.74 3643.60 flooring 140.45 22.52 21.19 41.68
2023-09-30 416615.63 4098.04 siding 47.65 24.22 41.53 33.54
2023-07-17 90353.34 1106.88 window 121.08 41.74 37.96 17.58
2024-04-15 164009.59 2553.97 insulation 56.60 9.86 46.02 46.84
2023-10-26 1959997.38 4211.48 lumber 134.08 42.79 79.27 45.70
2023-01-19 338113.35 3677.37 lumber 163.91 53.61 51.00 11.26
2023-04-24 96763.25 2734.07 flooring 156.71 50.91 80.43 2.93
2024-06-06 822091.97 2972.22 siding 153.37 41.36 59.77 37.32
2024-04-26 1019157.21 2566.38 insulation 41.61 84.72 37.50 41.55
2023-01-20 343326.82 1522.86 insulation 22.24 18.81 81.95 48.43
2023-06-12 558262.12 2846.86 window 141.30 53.04 27.64 44.60
2023-06-18 89623.76 3459.98 window 76.83 10.89 26.32 30.43
2024-05-05 219023.58 4372.95 insulation 89.31 11.76 52.93 26.97
2023-01-15 41898.50 3199.64 door 11.07 59.52 29.78 2.36
2023-03-17 51453.01 3817.55 insulation 55.62 58.77 5.86 13.09
2024-08-06 354127.48 842.35 flooring 11.57 88.41 66.59 23.52
2023-05-11 692039.43 2334.71 insulation 176.44 58.00 53.55 31.80
2024-04-21 39965.93 96.19 roofing 52.46 96.18 47.32 28.31
2023-06-23 134132.01 1271.06 drywall 113.68 9.63 96.86 37.39
2023-03-14 137926.14 3645.99 roofing 12.60 14.31 59.26 14.71
2023-06-27 339332.60 4959.46 roofing 135.04 9.19 87.03 28.68
2024-06-11 4886.79 540.93 door 67.99 22.60 18.25 5.32
2024-09-16 432178.21 2037.40 door 180.09 56.42 59.07 21.27
2024-08-29 2638019.51 4010.35 lumber 178.18 66.33 87.46 37.76
2023-10-17 63973.39 1059.98 insulation 68.43 9.33 60.40 34.98
2024-05-02 2892463.53 2797.67 roofing 180.69 94.87 73.21 49.54
2023-05-30 551450.49 3678.70 door 199.25 85.01 40.34 14.62
2023-08-02 107644.47 3099.13 window 165.96 33.18 13.78 25.41
2024-10-16 28266.19 980.72 insulation 169.75 12.33 48.50 17.15
2023-01-10 110866.62 1809.15 flooring 53.56 21.14 42.48 22.59
2023-03-04 756364.27 3929.77 drywall 117.46 17.06 87.37 42.99
2023-06-01 138380.14 2793.42 siding 18.11 16.71 28.18 34.53
2023-01-20 57398.69 75.89 insulation 23.51 54.26 96.84 44.24
2023-05-13 338413.80 3816.90 siding 199.78 28.36 96.02 10.97
2024-03-01 33106.84 224.79 roofing 68.69 39.02 28.53 43.79
2023-11-04 164035.11 3741.38 drywall 150.90 99.00 38.06 3.93
2024-10-13 890064.24 1052.28 siding 162.30 70.01 90.08 44.54
2024-08-19 2269665.86 4792.46 roofing 172.31 95.15 96.83 17.12
2023-09-07 76811.34 1871.31 window 199.54 18.54 47.13 16.41
2023-07-09 191333.53 1668.31 siding 52.09 41.30 35.49 26.09
2023-10-05 357402.75 787.00 drywall 12.87 57.70 54.98 47.09
2024-03-06 14687.81 1562.74 lumber 85.18 12.29 70.34 3.34
2023-07-15 39805.82 4389.42 insulation 30.37 5.40 30.98 18.26
2024-03-31 3313175.16 4981.85 roofing 9.37 68.69 74.96 42.97
2023-10-26 75867.93 1873.13 insulation 75.28 65.97 9.91 20.41
2024-02-07 30840.01 2270.62 drywall 157.83 44.02 9.68 10.76
2023-11-15 510004.89 3624.25 door 115.41 51.52 41.70 21.81
2023-08-03 456436.38 4436.67 roofing 65.99 44.47 38.58 19.89
2024-11-23 103209.06 2985.57 siding 132.60 7.28 34.99 45.86
2024-07-11 436898.62 1988.05 roofing 50.24 36.86 51.65 38.33
2023-04-13 126532.86 2092.48 insulation 7.80 21.82 35.47 25.75
2024-09-25 170894.47 3493.31 window 154.05 14.35 23.26 49.43
2023-12-22 16890.37 65.93 roofing 126.63 95.89 34.40 23.80
2024-10-15 215494.41 3116.97 siding 153.65 61.94 97.62 3.85
2024-08-06 246764.89 1809.69 door 12.59 74.22 44.06 13.85
2023-11-07 441848.40 3981.28 lumber 168.24 34.96 47.25 22.37
2023-01-17 34107.95 510.30 flooring 125.81 42.35 59.77 8.69
2023-07-16 1141546.26 2961.60 window 114.86 27.51 98.42 47.43
2024-01-31 112304.11 2430.82 lumber 126.80 14.21 27.95 38.58
2024-04-07 208437.73 3229.51 door 173.56 22.01 69.72 14.15
2023-07-08 200034.42 371.03 roofing 119.45 80.76 73.02 29.95
2023-04-12 1387668.73 2920.92 insulation 118.29 69.37 62.70 36.35
2024-09-01 305097.84 2829.35 drywall 198.18 56.96 13.41 47.12
2024-12-19 1305252.92 2825.27 insulation 152.56 50.13 69.30 44.20
2024-01-19 246927.89 3037.26 lumber 91.25 92.63 11.09 26.24
2023-05-06 290613.54 3398.52 siding 142.94 11.91 61.63 38.96
2023-07-18 825009.48 4034.70 insulation 80.90 31.66 75.26 28.55
2023-01-14 111751.19 1385.61 window 49.63 38.24 25.04 28.08
2024-10-29 555388.37 4133.99 insulation 121.39 79.33 84.95 6.62
2023-03-27 40268.26 2516.37 siding 186.00 99.29 7.88 7.18
2024-02-25 81800.35 431.44 flooring 186.18 27.86 85.16 26.95
2023-07-20 62224.36 339.83 roofing 71.67 88.06 48.73 14.17
2024-02-09 23075.56 1704.48 drywall 107.90 83.91 25.67 2.03
2024-04-20 202780.17 3935.24 lumber 46.27 26.34 17.71 36.42
2024-08-28 110289.40 3553.02 roofing 199.15 42.94 95.56 2.59
2023-05-31 185414.14 3953.64 insulation 196.32 43.92 11.90 30.17
2023-01-09 501250.86 2610.48 door 131.65 97.93 23.91 27.42
2023-04-10 272386.65 2228.99 roofing 161.86 22.18 38.04 48.47
2024-10-19 300974.76 779.89 flooring 144.44 80.92 63.92 24.73
2024-09-29 43755.84 1674.55 insulation 120.67 36.75 56.76 4.12
2024-03-12 234743.34 2198.40 drywall 15.40 74.43 16.94 28.03
2024-03-14 89994.56 488.57 siding 93.68 44.90 32.52 42.21
2024-04-30 283280.70 1142.03 flooring 136.58 59.94 27.68 49.85
2023-05-09 422927.11 3011.22 insulation 137.12 84.10 25.29 22.09
2024-10-29 665449.47 3691.53 flooring 77.76 81.40 44.06 16.69
2023-11-02 4273757.41 4991.82 roofing 188.63 87.31 71.88 45.43
2023-10-07 41205.08 4668.91 drywall 37.63 10.66 25.66 10.37
2024-01-14 852949.88 3230.70 siding 102.57 70.74 39.83 31.16
2023-02-04 102262.05 2135.18 insulation 139.72 18.30 42.14 20.88
2023-05-02 123876.79 3199.08 window 140.94 44.50 97.76 3.01
2024-06-22 1164840.70 3938.98 lumber 131.48 57.12 95.69 18.02
2023-03-02 94415.06 635.76 siding 58.68 43.26 81.01 14.00
2024-03-16 327971.03 2079.03 window 35.46 54.36 27.96 34.62
2023-06-29 685255.09 4207.02 flooring 129.01 99.67 11.46 47.49
2023-10-12 50408.40 1949.97 door 121.86 17.85 35.11 14.13
2023-07-30 742216.51 2880.77 siding 39.97 69.17 30.35 40.76
2023-09-17 73638.14 2959.46 flooring 142.50 42.62 53.06 3.71
2024-06-08 109470.32 963.16 window 93.76 17.64 78.88 27.37
2023-08-05 40677.35 1843.07 roofing 135.21 20.08 86.54 4.46
2024-02-18 1947647.49 1705.83 roofing 168.29 95.18 85.26 46.77
2023-12-14 75486.85 179.67 door 38.10 88.56 39.17 38.55
2024-04-29 113740.22 169.75 lumber 8.73 91.17 70.29 33.24
2024-11-14 1782197.77 4166.90 siding 156.93 99.20 34.72 41.37
2024-06-18 35982.93 1401.70 siding 123.89 24.79 10.79 32.73
2023-06-06 1056733.55 2614.49 siding 141.43 38.77 71.65 48.48
2023-01-23 65702.87 1528.69 lumber 168.44 68.58 5.93 35.98
2023-07-11 1462551.43 4706.36 flooring 161.55 50.96 43.87 46.31
2024-03-10 169117.14 1333.52 drywall 192.38 44.75 36.29 26.34
2023-02-07 121923.63 2176.80 drywall 109.51 38.99 70.87 6.74
2023-12-29 1684274.83 4370.01 door 100.26 61.41 77.79 26.88
2024-03-11 185456.57 4217.57 siding 83.37 59.68 33.89 7.22
2023-09-01 149991.90 971.20 flooring 34.97 20.34 82.10 30.03
2024-07-16 486649.90 4023.08 roofing 116.66 49.82 32.92 24.64
2023-03-19 599655.81 2318.03 window 59.02 57.58 47.40 31.51
2023-02-24 45449.08 2440.70 flooring 184.65 59.18 74.07 1.49
2024-06-15 40687.83 710.73 lumber 118.72 24.96 70.83 10.55
2023-12-28 254208.27 448.98 drywall 120.60 75.52 98.80 25.08
2024-05-17 102728.11 3653.30 drywall 74.21 7.39 26.39 47.57
2023-11-14 392671.00 2507.48 roofing 15.14 38.71 67.92 19.80
2023-06-29 722997.71 2212.41 roofing 11.19 79.12 62.92 21.79
2024-08-20 2133628.67 3661.07 lumber 87.55 58.57 91.93 36.02
2024-08-06 209795.68 3839.29 window 21.49 29.81 19.85 30.59
2024-05-22 212806.73 836.60 roofing 123.34 71.02 76.42 15.65
2023-07-18 675547.89 3070.61 door 176.79 58.90 58.99 21.13
2024-03-06 60658.02 720.00 window 177.17 80.64 31.09 11.67
2023-09-21 2049793.10 3769.31 roofing 133.51 74.83 50.07 48.34
2023-03-08 170478.33 3301.93 insulation 46.19 62.96 36.71 7.40
2024-10-31 849849.04 4785.24 flooring 173.28 51.38 60.03 19.22
2023-04-10 1985.22 391.34 roofing 177.79 17.65 89.46 2.27
2024-11-24 22531.61 332.42 door 43.35 29.83 59.08 11.87
2023-11-22 496264.21 1446.83 siding 148.80 44.81 65.01 39.24
